-5.657038092613220215e-01
-5.960373878479003906e-01
-1.102958917617797852e-01
-1.290780454874038696e-01
-8.067682385444641113e-02
-9.672141633927822113e-03
-1.925983726978302002e-01
-4.222410023212432861e-01
-2.907011210918426514e-01
-1.373938620090484619e-01
-7.025245577096939087e-02
-1.705174148082733154e-01
-3.347181482240557671e-03
-7.197424173355102539e-01
-6.210615038871765137e-01
-9.568846970796585083e-02
-8.926650881767272949e-02
-2.384375780820846558e-03
-1.573003381490707397e-01
-1.052890345454216003e-02
-2.746572159230709076e-02
-1.869850009679794312e-01
-1.955213993787765503e-01
-6.314198672771453857e-02
-1.424781829118728638e-01
-1.708604544401168823e-01
-5.944766998291015625e-01
-1.215943470597267151e-01
-7.066448219120502472e-03
2.814808161929249763e-03
-7.954993844032287598e-01
-2.336400002241134644e-01
-2.032890617847442627e-01
-2.384871393442153931e-01
-2.771832644939422607e-01
-5.868368744850158691e-01
-1.254548281431198120e-01
-2.076501399278640747e-01
-2.088651210069656372e-01
-3.329774364829063416e-02
-1.148245856165885925e-01
-1.557983085513114929e-02
-1.692952960729598999e-01
-9.356947243213653564e-02
2.429706417024135590e-02
-2.345969080924987793e-01
-5.092294886708259583e-02
2.735756570473313332e-03
-3.401050567626953125e-01
-2.307726815342903137e-02
-1.637891866266727448e-02
-2.558901011943817139e-01
-1.780438572168350220e-01
2.355542592704296112e-02
-3.923742771148681641e-01
-3.547238558530807495e-02
-2.110370844602584839e-01
-2.651513814926147461e-01
-6.079730391502380371e-01
-7.357119023799896240e-02
-3.555011376738548279e-02
-1.427841037511825562e-01
-3.108454495668411255e-02
-4.367695376276969910e-02
-4.612889140844345093e-03
-1.390587445348501205e-02
-6.029510498046875000e-01
-2.505940496921539307e-01
-1.314221918582916260e-01
-2.032467909157276154e-02
-4.578338861465454102e-01
-9.118927270174026489e-02
-4.917212128639221191e-01
-3.256854712963104248e-01
-1.446886360645294189e-01
-4.620506167411804199e-01
-2.172716259956359863e-01
-9.621534496545791626e-02
-8.501037210226058960e-02
-4.386088848114013672e-01
-3.297828435897827148e-01
-1.040819138288497925e-01
-2.302668616175651550e-02
4.179284349083900452e-02
-2.604547441005706787e-01
-8.605239912867546082e-03
-1.193023845553398132e-01
-1.175035685300827026e-01
-3.169776201248168945e-01
-2.512052357196807861e-01
-1.304927170276641846e-01
-3.411048650741577148e-01
-5.266753435134887695e-01
-9.440720081329345703e-02
-3.250443935394287109e-01
-7.993631809949874878e-02
-6.627712398767471313e-02
-1.854668371379375458e-02
-1.960666151717305183e-03
-1.213172171264886856e-02
-1.041302680969238281e-01
-5.551001429557800293e-01
-1.144360601902008057e-01
-4.538395404815673828e-01
-8.982789516448974609e-02
-1.680652052164077759e-01
-2.407295405864715576e-01
-1.649324297904968262e-01
-2.728707492351531982e-01
-4.414603114128112793e-01
-1.264302134513854980e-01
-1.944211721420288086e-01
-1.556469053030014038e-01
-2.189783453941345215e-01
-5.933784842491149902e-01
-7.842349410057067871e-01
-1.136881038546562195e-01
-2.481719292700290680e-02
-3.823878942057490349e-03
3.216336015611886978e-03
-1.279999408870935440e-02
-1.837493181228637695e-01
-1.251568552106618881e-03
-1.000488474965095520e-01
-1.257089227437973022e-01
-8.853847533464431763e-02
-7.745700329542160034e-02
-1.706236749887466431e-01
-3.515345752239227295e-01
-3.792369961738586426e-01
-9.274081327021121979e-03
-1.367040127515792847e-01
-6.126106902956962585e-02
-1.223755627870559692e-01
-5.342346150428056717e-03
-1.350401043891906738e-01
-3.942084014415740967e-01
6.559330504387617111e-03
-1.582857221364974976e-01
-6.404837369918823242e-01
-1.383185088634490967e-01
-4.695786237716674805e-01
-9.239882975816726685e-02
-3.525271117687225342e-01
-1.897117644548416138e-01
-1.165109574794769287e-01
-1.950821280479431152e-02
-9.635815024375915527e-02
-3.205139935016632080e-01
-1.012088730931282043e-01
-1.634397730231285095e-02
-2.514422237873077393e-01
-5.421288684010505676e-02
-2.033061534166336060e-01
-2.767510712146759033e-01
-8.874671161174774170e-02
-1.076544970273971558e-01
-9.775539487600326538e-02
-1.656981408596038818e-01
-1.675147712230682373e-01
-5.356257036328315735e-02
-3.543549180030822754e-01
-9.714507311582565308e-02
-6.101715564727783203e-02
-2.556118369102478027e-01
-5.183092355728149414e-01
-3.642508983612060547e-01
-2.219436503946781158e-02
-5.630958080291748047e-02
-1.328351497650146484e-01
-2.103935778141021729e-01
-3.793042302131652832e-01
-3.214951157569885254e-01
-1.974781304597854614e-01
-1.087784618139266968e-01
-1.025795638561248779e-01
-2.142632603645324707e-01
-6.678447127342224121e-02
-1.122197806835174561e-01
-6.315900087356567383e-01
-1.482810731977224350e-02
-1.231239587068557739e-01
-7.938662171363830566e-02
-7.713927328586578369e-02
-2.044237405061721802e-01
-7.554753124713897705e-02
-4.413374662399291992e-01
-4.374867305159568787e-02
-1.473109126091003418e-01
-1.504830643534660339e-02
-1.431896444410085678e-02
-1.257023811340332031e-01
-4.923586547374725342e-01
-1.258698552846908569e-01
-9.344848804175853729e-03
-1.314370781183242798e-01
-8.541781455278396606e-03
-1.626181453466415405e-01
-1.945087909698486328e-01
-2.896613180637359619e-01
2.059197053313255310e-03
-1.033930629491806030e-01
-9.805043041706085205e-02
-4.273995757102966309e-01
-8.289256691932678223e-02
-7.284018397331237793e-02
-1.347092837095260620e-01
-5.862347409129142761e-02
-7.496173381805419922e-01
7.305813487619161606e-04
-1.566752195358276367e-01
-1.699033230543136597e-01
-4.237094819545745850e-01
-3.131722509860992432e-01
-4.658783376216888428e-01
-2.788327261805534363e-02
-7.016200423240661621e-01
-5.829006433486938477e-02
-1.172824427485466003e-01
-5.823268890380859375e-01
-7.656207680702209473e-02
-1.117000654339790344e-01
-1.574018746614456177e-01
-9.572316892445087433e-03
-1.268472149968147278e-02
3.123201895505189896e-03
-4.863015189766883850e-02
-4.904919490218162537e-02
-1.461924314498901367e-01
-3.047499358654022217e-01
-1.822249293327331543e-01
-7.476238161325454712e-02
-2.139610201120376587e-01
-2.660692930221557617e-01
-1.166250277310609818e-02
-1.074256468564271927e-02
2.353805676102638245e-02
-1.015505194664001465e-01
-1.583733223378658295e-02
-3.201697766780853271e-01
-5.800468325614929199e-01
-7.865308225154876709e-02
-1.546701937913894653e-01
-7.103402912616729736e-02
-7.059664279222488403e-02
-1.215268447995185852e-01
-1.607625745236873627e-02
-2.196996361017227173e-01
-1.512850075960159302e-01
-2.065728455781936646e-01
-4.713363051414489746e-01
-8.495475351810455322e-02
-6.110417246818542480e-01
-1.547708641737699509e-02
-8.609317243099212646e-02
-3.030773699283599854e-01
3.308405354619026184e-02
-2.620697319507598877e-01
-3.367308527231216431e-03
-3.040878660976886749e-02
2.347961626946926117e-02
-6.386889144778251648e-03
-1.413592398166656494e-01
-2.331990152597427368e-01
-4.838236272335052490e-01
-4.116248190402984619e-01
-1.333911120891571045e-01
-1.281216442584991455e-01
-4.180535376071929932e-01
-1.766791939735412598e-01
-2.587331533432006836e-01
-1.974126696586608887e-02
-4.656279385089874268e-01
-3.524059355258941650e-01
-1.117195412516593933e-01
-3.541788831353187561e-02
-8.744774386286735535e-03
-7.206875681877136230e-01
-3.776423037052154541e-01
-3.312116861343383789e-01
-1.218927502632141113e-01
-1.809086464345455170e-02
-1.231296360492706299e-01
-7.066641449928283691e-01
-8.979739993810653687e-02
-6.488611102104187012e-01
-8.356186747550964355e-02
-5.730739980936050415e-02
-1.539883576333522797e-02
-8.175788819789886475e-02
-5.445934832096099854e-02
-1.299841850996017456e-01
3.945820778608322144e-02
-4.788796007633209229e-01
-7.156437262892723083e-03
-2.482714690268039703e-02
-1.513052880764007568e-01
-5.944577977061271667e-02
-1.073888614773750305e-01
-1.039744019508361816e-01
2.293904684484004974e-02
-3.694872185587882996e-02
-4.016583263874053955e-01
-1.733294427394866943e-01
-8.446551114320755005e-02
-1.655920781195163727e-02
-5.262067541480064392e-02
-1.631748229265213013e-01
-6.012216806411743164e-01
-9.742691367864608765e-02
-8.474197983741760254e-02
-2.875359030440449715e-03
-2.373015433549880981e-01
-2.097937017679214478e-01
-6.988808978348970413e-03
-1.314787417650222778e-01
-9.578241407871246338e-02
-5.857011303305625916e-03
-5.160882137715816498e-04
-1.099667027592658997e-01
-2.028045989573001862e-02
-6.306689232587814331e-02
-4.939176887273788452e-02
-1.809984296560287476e-01
-2.936299443244934082e-01
-1.628471165895462036e-01
-9.753607958555221558e-02
-8.744186908006668091e-02
-7.726331800222396851e-02
-2.488767355680465698e-01
-7.150429487228393555e-02
-2.059136927127838135e-01
-2.874839864671230316e-02
-2.398903481662273407e-02
-1.152024790644645691e-01
-4.687647894024848938e-02
-3.846978247165679932e-01
-6.001177430152893066e-01
-5.274131298065185547e-01
-2.865445911884307861e-01
-4.133516252040863037e-01
-3.462347686290740967e-01
-3.275472521781921387e-01
-1.314307749271392822e-02
-1.015630438923835754e-01
-3.189100623130798340e-01
-1.190492436289787292e-01
-7.164855599403381348e-01
-2.065911442041397095e-01
-1.485393494367599487e-01
-8.201697468757629395e-02
-1.071229428052902222e-01
-1.438153237104415894e-01
-3.357307612895965576e-02
-2.606667112559080124e-03
-5.176484212279319763e-02
-1.972306072711944580e-01
-1.150911971926689148e-01
-6.931149959564208984e-02
-1.839534379541873932e-02
-2.188221812248229980e-01
-1.770046502351760864e-01
-1.020215973258018494e-01
-1.363838315010070801e-01
-9.722742438316345215e-02
-2.739230394363403320e-01
-5.248384177684783936e-02
-2.590539157390594482e-01
-9.623640775680541992e-02
-1.586293727159500122e-01
-1.318464577198028564e-01
-6.455454975366592407e-02
-5.113663151860237122e-03
-6.560923904180526733e-02
-3.450385034084320068e-01
-3.225146830081939697e-01
3.062864299863576889e-03
-2.209772765636444092e-01
-1.162790209054946899e-01
-3.580311238765716553e-01
-5.524520296603441238e-03
-5.080838799476623535e-01
-2.017519623041152954e-02
1.421769242733716965e-02
-3.080898225307464600e-01
-1.060586422681808472e-01
-3.820940554141998291e-01
-6.137619912624359131e-02
-2.529224455356597900e-01
-1.436819089576601982e-03
-3.128023445606231689e-01
-2.121165161952376366e-03
-2.353243231773376465e-01
-4.058715999126434326e-01
-3.646108210086822510e-01
-9.925214201211929321e-02
-8.317870646715164185e-02
-2.703088223934173584e-01
-3.239975869655609131e-01
-3.042726516723632812e-01
-9.102988988161087036e-02
-9.643930941820144653e-03
-1.967512071132659912e-02
-4.404414445161819458e-02
-1.012295931577682495e-01
-8.737634122371673584e-02
-1.689900308847427368e-01
-1.172182932496070862e-01
-5.477147102355957031e-01
-5.545760989189147949e-01
1.377407752443104982e-04
-1.953302510082721710e-02
-7.566398382186889648e-02
-1.627177745103836060e-01
-1.696818023920059204e-01
-1.384172495454549789e-02
-1.096434965729713440e-01
-5.954432114958763123e-02
-1.897410899400711060e-01
-1.070772185921669006e-01
-5.318014416843652725e-03
-2.982964552938938141e-02
-5.139707773923873901e-02
-2.964097261428833008e-01
-5.352952480316162109e-01
-2.018009424209594727e-01
-1.893260031938552856e-01
-1.026709936559200287e-02
-9.315595030784606934e-02
-2.573660612106323242e-01
-1.447026878595352173e-01
-1.033538207411766052e-01
-2.735578455030918121e-02
-3.278977870941162109e-01
-1.370929330587387085e-01
-1.416271328926086426e-01
-1.713132262229919434e-01
-1.707227677106857300e-01
-8.931685984134674072e-02
-1.915913075208663940e-01
-1.014074403792619705e-02
-2.595066428184509277e-01
-2.912772893905639648e-01
-1.156840473413467407e-01
-1.463472545146942139e-01
-1.267598867416381836e-01
-7.473997026681900024e-02
-1.065840385854244232e-02
-1.162780001759529114e-01
-3.815913200378417969e-02
-2.626672685146331787e-01
-4.496732726693153381e-03
-1.646235771477222443e-02
-1.445734500885009766e-02
-1.293038278818130493e-01
-1.986918449401855469e-01
-1.506938487291336060e-01
-1.060141250491142273e-01
-2.170298993587493896e-01
-5.801719427108764648e-01
-2.213717848062515259e-01
2.415878139436244965e-02
-1.684695482254028320e-01
-7.779610157012939453e-02
-1.326514482498168945e-01
-6.829317193478345871e-03
-8.120505511760711670e-02
-1.358405649662017822e-01
-3.524877130985260010e-02
-4.116477817296981812e-02
-3.878519237041473389e-01
-9.322280064225196838e-03
-1.147988140583038330e-01
-3.736852705478668213e-01
-3.464339077472686768e-01
-1.561599075794219971e-01
2.291839197278022766e-02
-5.620553158223628998e-03
9.426645934581756592e-03
-6.562857329845428467e-02
-6.268186122179031372e-02
-8.075117133557796478e-03
-1.848753094673156738e-01
3.990064933896064758e-02
-4.149039983749389648e-01
-1.023935154080390930e-01
-1.583062857389450073e-01
-1.057272329926490784e-01
-9.016470611095428467e-02
-7.584331184625625610e-02
-8.206581696867942810e-03
-3.103331029415130615e-01
-6.047364696860313416e-02
-4.263702332973480225e-01
-1.107272729277610779e-01
-1.277752369642257690e-01
-3.155822455883026123e-01
-1.095197629183530807e-02
-9.583023190498352051e-02
-1.962309181690216064e-01
-9.165027737617492676e-02
-8.144461316987872124e-04
-3.635489344596862793e-01
-1.555435508489608765e-01
-1.314588636159896851e-01
-1.284489780664443970e-01
2.601377479732036591e-02
-1.979281157255172729e-01
-6.512245535850524902e-02
-1.815075799822807312e-02
-1.167825311422348022e-01
-1.848419308662414551e-01
