1.401002287864685059e+00
1.375225067138671875e+00
5.005306750535964966e-02
1.086575910449028015e-01
4.058119282126426697e-02
-1.226508710533380508e-02
1.400584578514099121e-01
1.312495708465576172e+00
2.980468869209289551e-01
-3.304304927587509155e-02
4.314057156443595886e-02
1.307948976755142212e-01
-1.099607534706592560e-02
1.508205056190490723e+00
1.772336244583129883e+00
7.002153247594833374e-02
5.511381477117538452e-02
-1.207758393138647079e-02
-3.555575013160705566e-02
-9.787163697183132172e-03
1.787285320460796356e-02
2.140519767999649048e-01
9.115763753652572632e-02
1.720806397497653961e-02
1.218950003385543823e-01
-4.232569411396980286e-02
3.714594244956970215e-01
-4.918777570128440857e-02
-1.239284127950668335e-02
-1.078783255070447922e-02
2.552594661712646484e+00
-3.906654566526412964e-02
-4.896038211882114410e-03
1.194405332207679749e-01
2.718377411365509033e-01
1.588451981544494629e+00
6.250729411840438843e-02
3.098124265670776367e-01
-6.021105684340000153e-03
1.445518899708986282e-02
3.729200363159179688e-02
-1.005539391189813614e-02
1.029517576098442078e-01
2.021740190684795380e-02
1.634040288627147675e-02
2.085253000259399414e-01
1.667170412838459015e-02
-1.281016599386930466e-02
6.629186868667602539e-02
1.589345559477806091e-02
2.369260042905807495e-02
3.106999695301055908e-01
-5.701681971549987793e-02
1.519442070275545120e-02
5.513980984687805176e-01
-3.766748122870922089e-03
3.078038990497589111e-01
5.999681353569030762e-01
1.405290961265563965e+00
2.489326521754264832e-02
1.503910589963197708e-02
-6.774312257766723633e-02
2.408515103161334991e-02
1.479767728596925735e-02
-1.139621902257204056e-02
1.604987867176532745e-02
1.428111433982849121e+00
5.377580970525741577e-02
-4.115692526102066040e-02
-1.202968601137399673e-02
1.399106621742248535e+00
-5.485992413014173508e-03
1.242357015609741211e+00
6.928366422653198242e-01
2.284018695354461670e-01
5.302726030349731445e-01
-6.931784749031066895e-02
-1.439376641064882278e-02
-2.858717227354645729e-03
7.725405693054199219e-01
7.217249870300292969e-01
-1.379961986094713211e-02
1.538081746548414230e-02
1.613445952534675598e-02
4.630725681781768799e-01
1.599015668034553528e-02
1.633977741003036499e-01
3.133947402238845825e-02
5.675100088119506836e-01
3.710517585277557373e-01
5.288407579064369202e-02
4.529998898506164551e-01
1.981089234352111816e+00
-1.761278882622718811e-02
4.538169801235198975e-01
4.622574523091316223e-02
2.042195945978164673e-02
-1.052031107246875763e-02
1.814718917012214661e-02
-1.006129384040832520e-02
2.827860601246356964e-02
9.441372752189636230e-01
-1.367871090769767761e-02
4.844671189785003662e-01
-2.382536046206951141e-02
1.600527167320251465e-01
4.286343455314636230e-01
-1.689935475587844849e-01
3.045541644096374512e-01
4.583502411842346191e-01
5.562613159418106079e-02
5.099474266171455383e-02
6.956092268228530884e-02
3.279763758182525635e-01
1.768668532371520996e+00
1.965441107749938965e+00
-1.417743694037199020e-02
1.388236600905656815e-02
-1.094823982566595078e-02
1.652559824287891388e-02
1.330289803445339203e-02
-2.227844744920730591e-01
1.477382611483335495e-02
-6.517157424241304398e-03
1.532490253448486328e-01
2.413036674261093140e-02
2.340761385858058929e-02
-1.945329364389181137e-03
-1.484593376517295837e-02
5.502423644065856934e-01
-1.161604281514883041e-02
-1.087845303118228912e-02
1.504848618060350418e-02
1.087727118283510208e-02
-1.126833818852901459e-02
-3.628715127706527710e-02
8.941906094551086426e-01
1.487459987401962280e-02
1.946480423212051392e-01
1.192095518112182617e+00
1.387323588132858276e-01
1.646692991256713867e+00
9.137256443500518799e-02
1.004947304725646973e+00
7.453641295433044434e-02
-1.768877357244491577e-02
-1.139190141111612320e-02
-1.072053238749504089e-02
5.439153909683227539e-01
-2.121436223387718201e-02
-9.355474263429641724e-03
2.906809151172637939e-01
2.243461646139621735e-02
2.095386981964111328e-01
1.244914457201957703e-01
-5.313682369887828827e-03
2.938064560294151306e-02
-9.093054104596376419e-04
-5.105670168995857239e-02
2.833193540573120117e-01
1.465720683336257935e-02
4.048771858215332031e-01
-1.625743508338928223e-02
2.132540009915828705e-02
5.343955755233764648e-01
2.064522027969360352e+00
3.185293376445770264e-01
2.501640282571315765e-02
1.544395345263183117e-03
-6.900741904973983765e-02
1.817743331193923950e-01
5.708705186843872070e-01
9.547592699527740479e-02
-3.848187327384948730e-01
5.051333829760551453e-02
-1.218471792526543140e-03
2.611837387084960938e-01
3.575903177261352539e-02
-1.226444169878959656e-02
2.060375690460205078e+00
-9.681181050837039948e-03
1.130694672465324402e-01
5.773465335369110107e-02
-1.305285561829805374e-02
-1.754975877702236176e-02
3.786568343639373779e-02
9.061629176139831543e-01
3.391809295862913132e-03
9.914232045412063599e-02
-1.094130333513021469e-02
-1.175990700721740723e-02
-1.935814879834651947e-02
8.891149163246154785e-01
5.827673897147178650e-02
1.314151659607887268e-02
1.295704692602157593e-01
-1.280705165117979050e-02
2.555851265788078308e-02
2.220500558614730835e-01
-4.547543451189994812e-02
-9.983618743717670441e-03
3.493248659651726484e-04
3.800709918141365051e-02
1.117266535758972168e+00
-1.955502666532993317e-02
2.435820735991001129e-02
-5.493532121181488037e-02
1.588788814842700958e-02
1.408813714981079102e+00
1.631952077150344849e-02
-8.386019617319107056e-02
4.973541945219039917e-02
5.330643653869628906e-01
6.749514937400817871e-01
1.551919937133789062e+00
1.573629304766654968e-02
2.451458454132080078e+00
1.596106961369514465e-02
4.605948925018310547e-02
5.331935882568359375e-01
2.547667920589447021e-02
5.803364142775535583e-02
1.620854586362838745e-01
-1.123018935322761536e-02
-1.160558871924877167e-02
-1.235184725373983383e-02
3.890943154692649841e-02
1.856526918709278107e-02
-6.120771914720535278e-02
3.648223727941513062e-02
-8.055396378040313721e-02
3.361408412456512451e-02
2.335845828056335449e-01
3.979642689228057861e-01
-1.125151570886373520e-02
1.431822683662176132e-02
1.260315626859664917e-02
-2.644989872351288795e-03
2.949699759483337402e-02
8.514768481254577637e-01
1.821872353553771973e+00
1.762976124882698059e-02
7.113566994667053223e-02
3.570218803361058235e-03
1.695371046662330627e-02
6.916673481464385986e-02
-1.048478670418262482e-02
3.947064578533172607e-01
5.731897801160812378e-02
1.436510086059570312e-01
8.172779083251953125e-01
-1.831001229584217072e-02
1.949991106986999512e+00
-1.098832208663225174e-02
2.294430509209632874e-03
2.557201385498046875e-01
1.747301034629344940e-02
1.666938215494155884e-01
-1.230642944574356079e-02
2.558338455855846405e-02
1.577747985720634460e-02
-1.061830949038267136e-02
3.371342122554779053e-01
2.942257821559906006e-01
5.012575984001159668e-01
9.492709040641784668e-01
-5.315599497407674789e-03
9.166447818279266357e-02
6.786894798278808594e-01
-5.291987955570220947e-02
4.710734784603118896e-01
1.586635969579219818e-02
-3.857811391353607178e-01
5.312169790267944336e-01
2.587590366601943970e-02
1.864796318113803864e-02
-1.103732362389564514e-02
1.534775018692016602e+00
4.332899153232574463e-01
2.473684400320053101e-01
-7.647927850484848022e-02
-1.241563539952039719e-02
-1.014625187963247299e-02
2.123204469680786133e+00
4.282206669449806213e-02
1.934122800827026367e+00
4.700189083814620972e-02
-1.714668981730937958e-02
1.494287699460983276e-02
4.222581535577774048e-02
2.037496678531169891e-02
-4.489916190505027771e-02
1.536572165787220001e-02
5.524843335151672363e-01
1.216246560215950012e-02
1.683662086725234985e-02
1.481136679649353027e-01
4.238221049308776855e-02
7.006227970123291016e-02
4.346987605094909668e-02
1.503989659249782562e-02
2.137822285294532776e-02
8.493440747261047363e-01
-1.109939627349376678e-02
3.837235271930694580e-02
-1.255670841783285141e-02
1.690084673464298248e-02
1.155501306056976318e-01
1.515835165977478027e+00
3.085076250135898590e-02
-1.595970615744590759e-02
-1.027795393019914627e-02
3.437013626098632812e-01
2.806224226951599121e-01
-1.072060689330101013e-02
-1.169130951166152954e-02
9.251046925783157349e-02
-9.998222813010215759e-03
-1.122775115072727203e-02
-1.223190221935510635e-02
-1.311721745878458023e-02
1.743355952203273773e-02
1.299478299915790558e-02
-1.391322463750839233e-01
7.710374891757965088e-02
2.583633959293365479e-01
-1.431677024811506271e-02
4.270689189434051514e-02
-2.227242570370435715e-03
3.991607725620269775e-01
-1.845204085111618042e-02
1.902989745140075684e-01
1.381007768213748932e-02
-9.999071247875690460e-03
-1.506059523671865463e-02
2.650631032884120941e-02
9.678902626037597656e-01
1.470014452934265137e+00
1.182843208312988281e+00
6.579591631889343262e-01
6.033369302749633789e-01
5.129082798957824707e-01
4.860178008675575256e-02
-1.109549682587385178e-02
4.829145222902297974e-02
7.332888245582580566e-01
6.260310113430023193e-02
2.225374460220336914e+00
2.444118410348892212e-01
1.518396288156509399e-01
2.082823589444160461e-02
-1.469411980360746384e-02
-7.275186479091644287e-02
1.212777849286794662e-02
-1.088656485080718994e-02
5.985102616250514984e-03
-3.223206698894500732e-01
-1.769998110830783844e-02
1.161897461861371994e-02
-1.065899617969989777e-02
1.528791934251785278e-01
-3.541074320673942566e-02
1.829959265887737274e-02
1.899803131818771362e-01
3.437525592744350433e-04
3.169947564601898193e-01
3.181027248501777649e-02
3.545663952827453613e-01
5.346968770027160645e-02
2.470619231462478638e-01
3.264493495225906372e-02
1.961834169924259186e-02
-1.065544597804546356e-02
1.270210742950439453e-02
-3.558917716145515442e-02
-3.721001371741294861e-02
-1.137299556285142899e-02
1.164695993065834045e-01
-7.556396536529064178e-03
1.729475557804107666e-01
1.126016583293676376e-02
1.192215561866760254e+00
-1.211398188024759293e-02
1.633730344474315643e-02
3.654634058475494385e-01
-1.923964545130729675e-02
1.287556886672973633e+00
3.737264126539230347e-02
3.566150963306427002e-01
1.170447841286659241e-02
8.576924204826354980e-01
1.260834187269210815e-02
1.609651744365692139e-01
7.516481876373291016e-01
-6.215528026223182678e-02
7.041376829147338867e-02
-2.100981958210468292e-02
4.107643663883209229e-01
5.713450908660888672e-01
4.348269999027252197e-01
-1.613282039761543274e-02
-1.092792116105556488e-02
-9.798543527722358704e-03
1.899513788521289825e-02
-6.640053819864988327e-03
2.163965255022048950e-02
1.521284282207489014e-01
5.524760484695434570e-02
1.306017041206359863e+00
1.023461103439331055e+00
1.518479268997907639e-02
-1.100581232458353043e-02
6.977460347115993500e-03
2.671317569911479950e-02
1.349813640117645264e-01
1.347155123949050903e-02
-1.449870038777589798e-02
3.079407103359699249e-02
1.449663639068603516e-01
-1.360324304550886154e-02
-1.072255615144968033e-02
1.562442164868116379e-02
1.791132800281047821e-02
6.389088034629821777e-01
1.302150368690490723e+00
2.389988303184509277e-01
1.837350577116012573e-01
-1.051266863942146301e-02
2.648206427693367004e-02
-3.923832997679710388e-02
3.049288131296634674e-02
1.942215487360954285e-02
1.624131947755813599e-02
6.850787997245788574e-01
-3.965346887707710266e-02
1.006033942103385925e-01
1.404860764741897583e-01
-1.908199489116668701e-01
1.935952156782150269e-02
2.599610090255737305e-01
1.706958934664726257e-02
-2.070158533751964569e-02
5.917141214013099670e-02
2.547824941575527191e-02
7.563749700784683228e-02
1.703386381268501282e-02
3.145211189985275269e-02
1.340362709015607834e-02
-3.504545986652374268e-02
1.559216622263193130e-02
2.460789829492568970e-01
-9.279577992856502533e-03
1.699257269501686096e-02
1.558523811399936676e-02
-4.704640805721282959e-02
2.006029486656188965e-01
-2.296900376677513123e-02
-1.728828065097332001e-02
1.097561866044998169e-01
1.270713448524475098e+00
2.352223098278045654e-01
1.740878261625766754e-02
-1.663118600845336914e-01
1.349673606455326080e-02
-1.704004406929016113e-02
-1.309458073228597641e-02
2.382523566484451294e-02
1.232486069202423096e-01
1.313221082091331482e-02
1.995697431266307831e-02
8.086339831352233887e-01
-9.524685330688953400e-03
2.934427186846733093e-02
1.240608930587768555e+00
1.013543367385864258e+00
1.490875035524368286e-01
1.613564603030681610e-02
-1.105082407593727112e-02
1.471365615725517273e-02
-5.353579763323068619e-03
2.405377477407455444e-02
-1.163780502974987030e-02
4.739556834101676941e-02
1.429168134927749634e-02
1.469733953475952148e+00
-4.982748068869113922e-03
1.264670044183731079e-01
2.212094143033027649e-02
4.141539335250854492e-02
4.331355169415473938e-02
-1.130762137472629547e-02
5.437436699867248535e-01
-1.330219395458698273e-02
1.075396776199340820e+00
-9.361952543258666992e-03
-2.940227836370468140e-02
6.092522144317626953e-01
-1.260025240480899811e-02
3.998163715004920959e-02
2.333123832941055298e-01
2.032402530312538147e-02
1.409121975302696228e-02
7.388046979904174805e-01
1.855749934911727905e-01
-4.929951578378677368e-02
7.868295162916183472e-02
1.568310894072055817e-02
1.475896388292312622e-01
3.055346012115478516e-02
-1.211641728878021240e-02
1.295580621808767319e-02
2.037971466779708862e-01
